0 0.07514110918033805 0.07037068122608126 0.03249810178119408 0.036198013910458
0 0.07833859269129766 0.046580570382410036 0.0498862995851815 0.018346748255498847
0 0.28442230908774424 0.08542501706117131 0.028140633303550378 0.04018965878583407
0 0.2746654694677705 0.051882697276036026 0.048358175676974924 0.0307569666615405
0 0.35684843631897334 0.05202856364909211 0.06336620472696775 0.02837216722903621
0 0.40028883141862875 0.08949075279270285 0.04312087828248501 0.024575010851068266
0 0.4210898392842776 0.06974090894875974 0.026681969572989517 0.03346591358972495
0 0.5151898572802374 0.10868259987622507 0.03385952126305092 0.03948116497384738
0 0.5031570391727376 0.07219748389816462 0.023167284584114323 0.030627307663268412
0 0.5531683670776815 0.03749980982485494 0.03110426754976925 0.03328531712784599
0 0.16692347258218437 0.022313499652237962 0.053377831181508184 0.032271198534217956
0 0.2527530987597895 0.011750921971573418 0.029150121218668695 0.022704216733142584
0 0.6136079829865082 0.0814287415072855 0.03519778735235912 0.06161117757178503
0 0.6661592380540318 0.0650384549221421 0.035572872311646186 0.044306331980972495
0 0.7286155144538402 0.06115100031323465 0.04166221455192409 0.043449656456674854
0 0.7760683924821655 0.07897448189713549 0.036758326010133624 0.059675553954723314
0 0.8057487263901968 0.14278523176103614 0.027038531818237788 0.039689545506784635
0 0.8802632896293083 0.13590635883485147 0.03832349534641799 0.03361872598054559
0 0.8552020575347197 0.09613114577563708 0.03213690885743625 0.0333269932344334
0 0.8516595884747863 0.06427439296803879 0.025496515874501968 0.024246232676878365
0 0.9250396354790171 0.07573763761884328 0.032419380246528906 0.03216006224998474
0 0.9102677710330198 0.043262689230197784 0.028751882866832945 0.025445578410895068
0 0.9436943238554121 0.014079865635377855 0.04858507892395114 0.02815973127075571
0 0.19036295053590746 0.17469738467192125 0.057370374009928726 0.060834506347359485