0 0.7078274145958044 0.16143264042544647 0.04121137444092926 0.03980136592893341
0 0.7873341772879334 0.16358456441103197 0.03464117770963937 0.03215336164397101
0 0.868730794320748 0.17262596716007417 0.04039932765391607 0.03602534836932117
0 0.9672837452901 0.19835493138224153 0.03890811446321851 0.043182433460316444
0 0.22883423503243983 0.17942132231867258 0.03458950200501115 0.03826955039888544
0 0.3330807413152834 0.18284483775028582 0.035220683825826105 0.02698579118115854
0 0.4539169943446345 0.2016824776481168 0.02969876567413504 0.02536538872889091
0 0.5518166167626166 0.18038101397605205 0.026007643914983225 0.0440646115607537
0 0.6059063150212265 0.16049509549862195 0.0457108518653353 0.036353858205885686
0 0.6599997044015955 0.15651791180313593 0.04839798850599786 0.04390220220335106
0 0.7416288621052367 0.23885945600629338 0.02642104955200819 0.02976520586579981
0 0.8153276447093403 0.22945447776397465 0.034235154316132665 0.029499445099140847
0 0.7932215164937804 0.1922996461363531 0.039816130415969986 0.02628816916867882
0 0.8468018399496273 0.13869163926731248 0.03620621333551943 0.025236199467320586
0 0.4959791723510484 0.1357977998081375 0.037963187292875844 0.0378819826141745
0 0.4420943313500715 0.16899759447082802 0.028643104851017676 0.01754021059948918
0 0.3627389046500678 0.16314532092169287 0.027188802877911922 0.03715114050586246
0 0.2847455018791911 0.14511603668911613 0.040727837490480534 0.028967923565823006
0 0.32112335237651124 0.14250272248363668 0.019035114911945594 0.02380035310301054
0 0.21331860471784542 0.1475890882677478 0.05358032345584693 0.034511988448068937
0 0.1917181601832893 0.10752011601127588 0.023091657725253373 0.01470912021021975
0 0.1498442293865922 0.0801873593847571 0.03239697568007499 0.023722839546068367
0 0.3299635889896797 0.05078572901223377 0.0409603781613071 0.046995362237520204
0 0.3892503866851753 0.07202813473615215 0.03844303312156555 0.026155288785349368
0 0.4219832544453331 0.06596546724674539 0.027576370662622862 0.03690752646975846
0 0.5022042491978578 0.041279244921538415 0.023719148424309222 0.02730322765244556
0 0.4897430221389615 0.07882902657738927 0.037649441943347906 0.02499258543121656
0 0.5627312638044284 0.07915199973131505 0.045851114492183154 0.03573005862858903
0 0.6239374448146828 0.08227837986131659 0.05693186201315681 0.025874763531653827
0 0.6824841725974684 0.0800821624146213 0.04457767748527586 0.0323120798796145
0 0.7196316219815718 0.07513975037911708 0.03236006446248352 0.04360691246261888
0 0.7833994414926777 0.07772538117140289 0.02907496609683824 0.03374792624392453
0 0.8805331561456358 0.0870823748308526 0.0438948199598328 0.023051055385902727
0 0.23649884936531845 0.054611576715594565 0.05024354938557374 0.02417315640068487
0 0.1301853148973499 0.043713539721699 0.026971026694121922 0.02211720158083734
0 0.18061342037088124 0.05913504643143505 0.04380254191585389 0.01945959391424807
0 0.9081888859260803 0.04658707801119865 0.02117596553225376 0.023110113334049165
0 0.9427728512484528 0.08836873076391699 0.045629647186634315 0.026118377567757853
0 0.8698307486049752 0.11266369418265387 0.037165904992898846 0.029669236700061843
0 0.966360964850312 0.11940552807574456 0.05277935003411094 0.03316472900597857
0 0.9834010284514362 0.07641503294690401 0.030850395662990415 0.04868220488145255