0 0.06959093252367189 0.8422036068821669 0.03897000151949249 0.022365885795600837
0 0.0787671899827046 0.9148132630272254 0.03136900632144435 0.025874037425469343
0 0.09378752851447111 0.9366171633675564 0.03418461021855555 0.01760887759846541
0 0.022636763904810685 0.8735470684101897 0.035569705684069954 0.023098169873680297
0 0.18967856622715057 0.8767464017643918 0.041168047343744685 0.03580697234888519
0 0.20319719391747565 0.9504449513152669 0.0388492432802241 0.031007047937397503
0 0.27274508419464893 0.9516391354079801 0.031192552262479023 0.027885937667898597
0 0.29284215901318195 0.876092499018479 0.028229120669299723 0.020150407311994023
0 0.3067109261170986 0.9051563891506461 0.026870301488076676 0.016662926000458933
0 0.3597767571107675 0.9605317489915814 0.031512547223244924 0.024032085314327545
0 0.3547588651173089 0.9261577975539521 0.032746150985037914 0.02761231878840331
0 0.3527113611292202 0.8708589582471129 0.048936040956538696 0.03263948599811595
0 0.44268559640194644 0.9047134975745137 0.05025312166461837 0.02867896865762276
0 0.4750236378718047 0.9774358306146467 0.03350208110974551 0.02073938354412841
0 0.5169081956711772 0.9606801524516468 0.045341894658081694 0.02166690516953651
0 0.5706951747286009 0.9361101045945825 0.03336759047406146 0.022446023334879328
0 0.5995944297722582 0.9634325728750457 0.029671416796809624 0.026290600472196668
0 0.6474893277042761 0.9846333984278146 0.057483152734675635 0.027825648762247135
0 0.7196110904919573 0.9413135009131228 0.04970588390562747 0.027491740977100276
0 0.8085070818751463 0.9731344490768159 0.03029749389396008 0.03010271435262457
0 0.8977995887531975 0.9365785030154139 0.03473104726341136 0.030163003258275922
0 0.891779973404298 0.9701594234633191 0.031994858468457066 0.03839939529190117
0 0.6235453569443623 0.9456867653769225 0.05596201726900618 0.026026256808955206
0 0.9460075252337907 0.9926969830803246 0.03902547238905163 0.014606033839350774