0 0.46059016821902027 0.5579382181073164 0.05886076813980168 0.06882011469407945
0 0.2413062740985171 0.5812400782633476 0.09461775381955978 0.05661852862121708
0 0.31034427425818345 0.37692293485169964 0.052950129691518855 0.04136654603013912
0 0.23930172781511835 0.37678824201842775 0.045177560900948766 0.03401390195506365
0 0.16776794868600292 0.3606766022267618 0.06225185829511651 0.040360311334520005
0 0.5735618013488306 0.37838474824809126 0.024387325930045778 0.02605117857634509
0 0.5940271888983133 0.36438461669565764 0.046635412743420646 0.027160413673878003
0 0.6797631388297702 0.3572775889636073 0.04384647878390935 0.038854920845011076
0 0.7923029625823266 0.3861652401465009 0.06652241342061826 0.040312772687482845
0 0.9539145547389563 0.41396346400146034 0.06104754590350925 0.04886180604632606
0 0.9061382144666447 0.41192326373278365 0.025868947096036043 0.032579819436110324
0 0.9328073954544724 0.3144452679831567 0.04729303069410096 0.034085209925619364
0 0.4163752649205733 0.3463674694685869 0.04137446913797871 0.04061385078538465
0 0.45736287132406445 0.3345424367545093 0.0312887759405609 0.04449873826436024
0 0.36584448297458 0.3273640842890305 0.04633737026578144 0.031141429125115916
0 0.3779813760989437 0.2515125062513073 0.057836828253763906 0.04752895755590106
0 0.43889006513556994 0.2806711597511973 0.04870773207946033 0.03276224409500983
0 0.5229482201552461 0.2587068746749866 0.029296390740414457 0.03215363768338961
0 0.5399731837224125 0.30368609168536287 0.05891310064483979 0.044633272313244765
0 0.6128393871515565 0.3119150910087966 0.06921456495942258 0.031365652539923405
0 0.5809548175659358 0.26362697703419025 0.046535968147468076 0.02975765033658992
0 0.16820115239672523 0.25728786077841936 0.04542766383999117 0.03578605700327048
0 0.03170354703686456 0.24242505156832495 0.03764390815453224 0.036093563400720646
0 0.08545310275785256 0.24715936881240244 0.0323650483316366 0.01892445620974953
0 0.1307942804235609 0.2583705395527754 0.030411101431171594 0.04302527010991128
0 0.07136226273302385 0.13736356896447005 0.0294629567057001 0.015010156025539317
0 0.6396501011792484 0.2734095243030757 0.037605469854851026 0.03782969326965846
0 0.3527146004417832 0.29239163796234713 0.044191231866909986 0.053986591902355885
0 0.0158989994845788 0.20508224342796275 0.029379673723057328 0.04189774665259377