0 0.19460730803105397 0.19963811366960238 0.054857317268252354 0.07491356260969192
0 0.1732454243596161 0.28626140643262965 0.07282180696058471 0.0734233576047724
0 0.12846066248012014 0.06275799890580361 0.05281341223856918 0.04433018099496779
0 0.24100531936541694 0.07629288840002663 0.0628893855287131 0.05302532212458984
0 0.6117386829028293 0.1268451846682398 0.06277395695776922 0.04082607945276215
0 0.5681698755853034 0.1140972519546419 0.039766526745623976 0.045893768686332104
0 0.6620916548394891 0.100625796106741 0.059837482312271706 0.055084631597394365
0 0.4844621844279309 0.07806640532504266 0.053673912850175975 0.04639024481196259
0 0.4989265925270927 0.11844747264080675 0.06085465291112446 0.038162061217671656
0 0.8593622051479417 0.10588420482759581 0.07287906249041931 0.05971639057431312
0 0.881749040203049 0.15008268918250667 0.04077158817068083 0.04539123797380365
0 0.9769447215459603 0.14610785288401362 0.046110556908079414 0.05438229951723415