0 0.4507219188396478 0.7077688910332541 0.08785256263041175 0.09669128562945373
0 0.34035027427461584 0.7250408254156769 0.12395875710292531 0.11557304038004768
0 0.052944781728586354 0.6774931339073634 0.07618932986443752 0.1443271229216152
0 0.9429767776997677 0.6052228696555819 0.09289063627773919 0.10444811460807601
0 0.7834931423144054 0.3158541790380047 0.12040626927468123 0.07499814429928736
0 0.9408562551672549 0.31674955463182897 0.11828748966549019 0.1556932897862232
0 0.1653325784766604 0.3198717710807601 0.08853537847272341 0.14523641627078387
0 0.5548928573771998 0.383480552256532 0.10524591212713741 0.09018705463182902
0 0.3544956348998045 0.2553722535629454 0.15477774241807857 0.0913190320665083
0 0.2896004481568484 0.1732806932897862 0.11268306846366855 0.048888435273159114
0 0.09687567666434829 0.19049695665083133 0.08275912553641018 0.07606517220902612
0 0.46735863456516324 0.21529839667458428 0.11739818867206481 0.08853548099762465
0 0.4231693768782563 0.3217831428147268 0.11907754655450714 0.12727323337292162
0 0.8961992788808546 0.03536501633016626 0.125305934305324 0.0702289934679335