0 0.10617391627078383 0.6056682378266033 0.13763732185273167 0.10450378562945373
0 0.42713591152019004 0.477583135391924 0.11273381828978618 0.12782066508313533
0 0.5648984931710214 0.45988902909738716 0.1181617428741093 0.15754899049881238
0 0.9482630641330165 0.5776193215558194 0.10224910926365816 0.1224298545130641
0 0.8618569997030878 0.3575749703087886 0.17674621437054638 0.08729216152019004
0 0.25699599168646076 0.44000055671021376 0.1768668349168646 0.09043757422802845
0 0.27777520041567694 0.20971273752969122 0.19430114311163907 0.13713628266033254
0 0.47642796169833723 0.2026842710807601 0.13573522862232784 0.13009389845605704
0 0.6486833803444181 0.22648827197149643 0.10897602434679332 0.08515810570071264
0 0.7870537039786223 0.2534516033254156 0.10533885095011875 0.11889474465558189
0 0.9256884649643704 0.23064968081947743 0.13589296318289779 0.13968787114014253
0 0.025376707244655586 0.24883090855106887 0.05075341448931117 0.1057378266033254