0 0.12843768557007126 0.6268278652019001 0.17177293646080766 0.1558417458432304
0 0.4481424435866983 0.6518287930522566 0.10536668646080755 0.2065673248218528
0 0.5973407808788599 0.49152408699524935 0.07625074228028494 0.13109597684085517
0 0.7804242131828978 0.664150645783848 0.13808269002375295 0.13729401722090273
0 0.937402575712589 0.6117874109263657 0.07770746733966749 0.15333654988123524
0 0.598305745249406 0.27962626187648454 0.09924287410926358 0.11039563539192393
0 0.7981461549881235 0.26325434233966744 0.13375890736342066 0.12627115498812347
0 0.9390727063539193 0.2860933788598574 0.10251818586698325 0.07326306413301661
0 0.2637368245249406 0.26665955314726836 0.08776536520190018 0.11534107779097388
0 0.40149940617577196 0.29220791270783847 0.1481777019002375 0.07688168052256539
0 0.07736880195961994 0.23478789340855105 0.12786705760095016 0.12107519299287409